5,1     Segment: 41 Branch:  3 DX= 700.2 B= 515.7  4
    263032.9166,   4100186.2532, 11,
    263586.4109,   4099757.3894, 11,
    263270.5572,   4099349.7467, 11,
    262717.0629,   4099778.6105, 11,
    263032.9166,   4100186.2532, 11,
5,1     Segment: 40 Branch:  3 DX= 733.3 B= 643.9  4
    263588.2296,   4099833.0854, 11,
    264224.8740,   4099469.2401, 11,
    263905.3830,   4098910.2054, 11,
    263268.7385,   4099274.0507, 11,
    263588.2296,   4099833.0854, 11,
5,1     Segment: 39 Branch:  3 DX= 733.3 B= 337.4  4
    264121.2528,   4099348.7866, 11,
    264812.7505,   4099104.7979, 11,
    264700.5019,   4098786.6701, 11,
    264009.0042,   4099030.6589, 11,
    264121.2528,   4099348.7866, 11,
5,1     Segment: 45 Branch:  4 DX= 764.6 B= 524.2  5
    261982.1411,   4098486.6421, 11,
    262556.5626,   4098991.2586, 11,
    262902.4928,   4098597.4750, 11,
    262328.0713,   4098092.8584, 11,
    261982.1411,   4098486.6421, 11,
